seeds = 20260501,20260502,20260503,20260504,20260505,20260506,20260507,20260508,20260509,20260510,20260511,20260512,20260513,20260514,20260515,20260516,20260517,20260518,20260519,20260520,20260521,20260522,20260523,20260524,20260525,20260526,20260527,20260528,20260529,20260530
p = 30
q = 25
rank = 2
sigma = 0.5
signal = 6,4.4
design = kronecker
rho_p = 0.8
rho_q = 0.7
cov_scale = 0.2
sample_size = 500
nuclear_lambda_factors = 0.015,0.02,0.025,0.03,0.035,0.04,0.045,0.05,0.06,0.075,0.1,0.15,0.2
nuclear_maxit = 2000
nuclear_tol = 1e-08
scaledgd_reference_frob = 3.91088544508124
out_root = C:/Users/Ke Baofang/Desktop/matrix-subsampling-simulations/0608result/p30_q25_covscale02_m500_nuclear_lambda_multiseed
base_lambda = 0.16583123951777
minimax_rate_standard = 0.234520787991171
minimax_rate_covscale_adjusted = 1.17260393995586
