seed = 20260527
p = 30
q = 25
rank = 2
sigma = 0.5
signal = 6,4.4
design = kronecker
rho_p = 0.8
rho_q = 0.7
cov_scale = 0.2
sample_size = 500
nuclear_lambda_factors = 0.026,0.028,0.03,0.032,0.034,0.036,0.038,0.04,0.042,0.044,0.046,0.048,0.05,0.052
nuclear_maxit = 2000
nuclear_tol = 1e-08
scaledgd_reference_frob = 3.91088544508124
out_root = C:/Users/Ke Baofang/Desktop/matrix-subsampling-simulations/0608result/p30_q25_covscale02_m500_nuclear_lambda_sweep_refined
base_lambda = 0.16583123951777
minimax_rate_standard = 0.234520787991171
minimax_rate_covscale_adjusted = 1.17260393995586
best_full_lambda_factor = 0.05
best_full_truth_frob = 4.34335153929127
best_rank_truncated_lambda_factor = 0.028
best_rank_truncated_truth_frob = 3.89077917662924
